array "tr" 50
tr[0]= -0.150000
tr[1]= -0.150000
tr[2]= -0.150000
tr[3]= -0.150000
tr[4]= -0.150000
tr[5]= -0.150000
tr[6]= -0.150000
tr[7]= -0.150000
tr[8]= -0.200000
tr[9]= -0.200000
tr[10]= -0.250000
tr[11]= -0.250000
tr[12]= -0.300000
tr[13]= -0.500000
tr[14]= -0.500000
tr[15]= -0.500000
tr[16]= -0.500000
tr[17]= -0.500000
tr[18]= 0.150000
tr[19]= 0.150000
tr[20]= 0.200000
tr[21]= 0.200000
tr[22]= 0.200000
tr[23]= 0.200000
tr[24]= 0.200000
tr[25]= 0.300000
tr[26]= 1.000000
tr[27]= 0.800000
tr[28]= 1.000000
tr[29]= 0.300000
tr[30]= 0.050000
tr[31]= -0.050000
tr[32]= 0.050000
tr[33]= -0.050000
tr[34]= 0.050000
tr[35]= -0.050000
tr[36]= 0.050000
tr[37]= -0.050000
tr[38]= -0.050000
tr[39]= 0.050000
tr[40]= 0.050000
tr[41]= -0.050000
tr[42]= -0.050000
tr[43]= 0.050000
tr[44]= 0.050000
tr[45]= -0.050000
tr[46]= -0.050000
tr[47]= 0.050000
tr[48]= 0.050000
tr[49]= -0.050000
stop @v0.2
n=0
v0=0.2
label "start"
w=tr[n]
dv=w*0.15 
vl=v0-dv
vr=v0+dv
motorcmds vl vr
wait 0.2 
n=n+1
if (n <50) "start"
stop"
