array "tr" 50
tr[0]= -1.333333
tr[1]= -1.333333
tr[2]= -1.333333
tr[3]= -1.333333
tr[4]= -1.333333
tr[5]= -1.333333
tr[6]= -1.333333
tr[7]= -1.333333
tr[8]= -1.000000
tr[9]= -1.000000
tr[10]= -0.800000
tr[11]= -0.800000
tr[12]= -0.666667
tr[13]= -0.400000
tr[14]= -0.400000
tr[15]= -0.400000
tr[16]= -0.400000
tr[17]= -0.400000
tr[18]= 1.333333
tr[19]= 1.333333
tr[20]= 1.000000
tr[21]= 1.000000
tr[22]= 1.000000
tr[23]= 1.000000
tr[24]= 1.000000
tr[25]= 0.666667
tr[26]= 0.200000
tr[27]= 0.250000
tr[28]= 0.200000
tr[29]= 0.666667
tr[30]= 4.000000
tr[31]= -4.000000
tr[32]= -4.000000
tr[33]= 4.000000
tr[34]= 4.000000
tr[35]= -4.000000
tr[36]= -4.000000
tr[37]= 4.000000
tr[38]= 4.000000
tr[39]= -4.000000
tr[40]= -4.000000
tr[41]= 4.000000
tr[42]= 4.000000
tr[43]= -4.000000
tr[44]= -4.000000
tr[45]= 4.000000
tr[46]= 4.000000
tr[47]= -4.000000
tr[48]= -4.000000
tr[49]= 4.000000
stop @v0.2
n=0
v0=0.2
label "start"
w=0.2/tr[n]
dv=w*0.15
vl=v0-dv
vr=v0+dv
motorcmds vl vr
wait 0.2
n=n+1
if (n <50) "start"
stop"
